Query: 2020 AND biden AND rt
Accuracy: 0.9269808451327037
F1: 0.09303792770726639
Precision: 0.8621045392022009
Recall: 0.04917228934567708
Query: biden AND !rt AND !voters
Accuracy: 0.9234821164470126
F1: 0.009820600061862047
Precision: 0.34139784946236557
Recall: 0.004981955123175898
Query: !biden AND clinton AND trump
Accuracy: 0.9237973306881232
F1: 3.9207229813177554e-05
Precision: 0.037037037037037035
Recall: 1.961399654793661e-05
