Query: november
Accuracy: 0.924901185770751
F1: 0.004761904761904762
Precision: 0.2
Recall: 0.0024096385542168677
Query: !november AND voting
Accuracy: 0.9220265900107797
F1: 0.1685823754789272
Precision: 0.411214953271028
Recall: 0.10602409638554217
