Query: voting
Accuracy: 0.9218469277757815
F1: 0.1682600382409178
Precision: 0.4074074074074074
Recall: 0.10602409638554217
