Query: !follow AND voting
Accuracy: 0.925799496945742
F1: 0.17564870259481039
Precision: 0.5116279069767442
Recall: 0.10602409638554217
Query: november AND !voting
Accuracy: 0.9250808480057492
F1: 0.00477326968973747
Precision: 0.25
Recall: 0.0024096385542168677
