Query: 2020 AND trump
Accuracy: 0.9261588214157385
F1: 0.055172413793103454
Precision: 0.6
Recall: 0.02891566265060241
Query: !trump AND voting
Accuracy: 0.9243621990657563
F1: 0.14949494949494951
Precision: 0.4625
Recall: 0.0891566265060241
