Query: !fbi AND trump
Accuracy: 0.9165437320640336
F1: 0.18831441782261454
Precision: 0.32963798685372314
Recall: 0.131806056802134
Query: !rt AND !trump
Accuracy: 0.6278596701510943
F1: 0.009478963756001045
Precision: 0.005891212750948505
Recall: 0.024242899733249647
