Query: !voting
Accuracy: 0.07815307222421847
F1: 0.1263408820023838
Precision: 0.06797361670941737
Recall: 0.8939759036144578
